40.87294948703822, 35.311746513250064, 15.0
38.81477719852663, 43.003123779575986, 47.5
53.699802722645074, 22.303746168692165, 15.0
51.509125397445075, 19.80270905273828, 47.5
38.004793202892905, 41.04205612628147, 15.0
42.82736137658413, 12.648947432958433, 47.5
36.044703461142525, 32.68547152353522, 15.0
48.695303036302384, 6.103570949821823, 15.0
42.64622825756671, -2.176822408295457, 47.5
41.48335482237287, 2.3314090554367377, 15.0
46.07298394258344, 6.101676694538334, 15.0
36.27742248902651, 33.831904970887194, 15.0
43.6720746940115, 1.6836179894625647, 47.5
63.709525928191255, 20.124461682034504, 15.0
59.88918578856408, 11.001470769704326, 15.0
53.911501035859594, -2.1896674283453543, 47.5
44.711857506676665, -0.6313965993462723, 15.0
38.095618515287846, 37.1053838384678, 15.0
48.63059103225479, 30.13033202756739, 15.0
55.34270783344415, 8.459315922786384, 15.0
34.83018264634889, 33.51360294586675, 47.5
54.106992651245456, 28.408146572948116, 15.0
41.52185766083709, -0.8630219350021752, 15.0
47.3330757858118, 7.212399815539285, 47.5
46.27515864670381, 17.664029601784517, 15.0
47.98068844083394, 9.868907593545082, 47.5
48.29626228306061, 37.55961384015007, 47.5
60.2698142370912, 23.008939422242353, 15.0
38.77745653128206, 40.397989441648214, 15.0
47.77544930888514, 20.308575804006498, 15.0
47.11853036326772, 21.764410618659934, 15.0
58.286529804615185, 15.5244147884528, 15.0
48.935544935832546, 11.940658060530213, 15.0
50.13666171296887, 30.521194753373578, 47.5
50.65276929635412, 13.496955550429746, 47.5
43.22355620353385, -3.0334921133680153, 15.0
37.47088425534961, 36.84419980253055, 15.0
48.130110981775594, 38.29657848170575, 15.0
49.04950903014584, 2.328194220676345, 47.5
41.875621778978044, -4.525151962149555, 15.0
43.987571295396805, 20.337460870477916, 47.5
51.67647219157166, 0.6926295192293774, 47.5
59.32151643361623, 24.617187892875478, 15.0
41.55745465407839, 15.440431935849574, 15.0
38.55316030180569, -4.11657000251683, 15.0
50.49962034007442, 26.149920260817556, 15.0
41.20047797907207, 36.2020225045311, 47.5
53.65984960496412, 20.404829724257148, 15.0
48.26439406763119, -2.2593273148006974, 47.5
49.116683375846655, 28.367653504145434, 15.0
41.072514416715826, 40.90058366895893, 15.0
65.46016815811029, 22.024982808449465, 15.0
48.65384891250281, 14.04834636887423, 47.5
37.396113000747015, 33.971111176664316, 15.0
42.5559538409314, 26.351552462059033, 15.0
49.87644368218926, 28.40565809146037, 15.0
41.89090223531437, 23.02892399935857, 15.0
44.80254117625699, 33.56075682301127, 47.5
44.767326088808524, 24.72425859005425, 47.5
36.61008248920104, -4.50957520471775, 15.0
38.57320500378355, 38.70419289823107, 47.5
41.37718412814609, 27.53805416497849, 47.5
50.82856396635216, 6.666313947393196, 47.5
45.70009048685228, 1.2218719800307059, 15.0
62.49034018026901, 29.595653930949165, 15.0
59.15066545499877, 15.100885300446903, 15.0
37.47571654340439, 43.63677612909191, 15.0
43.211361998230856, 3.168685217638633, 15.0
40.38257267412055, 29.510541984638166, 47.5
35.158475608542204, -2.957177587719899, 15.0
51.417714324140434, 16.611504579365384, 47.5
39.81618570178966, 32.99085142103345, 47.5
47.135547438463924, 11.333088484765618, 15.0
41.33508040148048, 1.619449839211422, 47.5
50.59987234151547, 28.271466519918256, 47.5
51.92078234320637, 29.12295913854008, 15.0
45.755293495717034, 22.846443977313474, 15.0
46.861126565526185, 31.89359081207256, 15.0
39.781124177622395, -8.380182175297053, 47.5
55.80975144403522, 23.223996793039532, 15.0
50.984983564666585, 21.27608135240394, 47.5
41.09227471016226, 19.834380319423364, 47.5
42.41293265235527, -6.60530242147918, 15.0
39.62160060857265, 39.412437827668384, 15.0
56.335967876564744, -2.987109774903083, 15.0
37.9558222387618, 23.684857598264436, 15.0
56.12468099396216, 9.714128114223197, 47.5
44.569603908313326, 25.752633308830095, 47.5
53.990243324140934, 22.839759158880856, 15.0
54.57537652334103, -1.3358098327717205, 15.0
45.22668250432233, 13.856500441502416, 47.5
43.23755650267381, 5.838106532060898, 47.5
53.20008714849726, -6.269835956772954, 15.0
52.47733582753296, 13.242154501943133, 15.0
47.004299095534286, 37.40019916387263, 15.0
45.173388956122196, 21.832358530806722, 15.0
60.9369595391367, 28.069561374440188, 15.0
47.10384169064422, -1.6486835924967913, 15.0
46.643009419758755, 15.501901744958976, 15.0
50.950916588827404, -2.3163208705133704, 47.5
36.651638193770424, 37.52548009031628, 47.5
44.94409509681047, 35.239894808313394, 15.0
60.54619067966447, 17.0670516188053, 15.0
45.44743068245978, 10.806769977748733, 15.0
60.190244590318414, 24.90906441401481, 15.0
47.53305588934555, -2.838549059149232, 15.0
40.77391045718307, 14.639588913846692, 47.5
52.00074464473963, 25.978707103733658, 15.0
38.50602441677794, 27.988991656821934, 15.0
55.40009868138175, 28.607137847832934, 15.0
41.27018343246735, 33.6744901377855, 15.0
36.31985447115344, 28.14490608417027, 15.0
53.00656991974603, 23.089592179240697, 15.0
54.41702395255601, -6.169135428323128, 15.0
51.40802036859001, -3.362681304336959, 47.5
46.67291990454404, 32.43155147321865, 15.0
44.92470564960481, 23.218160159928775, 15.0
45.94078243115982, 11.058805139100711, 15.0
40.790863660881406, 9.459919706367966, 15.0
37.72567622467155, 39.154336399381485, 15.0
36.85064395049174, 30.614447713457192, 15.0
57.6533078993777, 14.087552175238395, 15.0
57.64277459446039, 12.74677088975818, 15.0
43.982200213539116, 25.93225109673466, 15.0
54.658620923720164, 9.38360929036317, 15.0
28.929870140322162, -13.618881367512651, 15.0
42.37955662733161, 14.14369496568512, 15.0
37.67223257372917, 30.433871310889295, 15.0
38.853210744521995, -3.9476097443553417, 15.0
48.77148865790536, 9.526836434132052, 47.5
46.17826435641714, 21.123035435066846, 15.0
47.78320179383317, -3.5540416627683333, 15.0
39.0283840219456, 34.085815650192586, 15.0
41.41665522173639, -8.430511865025643, 15.0
54.33932045144039, 16.947917175641596, 15.0
59.24645723116452, 13.467625861201663, 15.0
45.221174629229075, 28.787514531399598, 15.0
48.558026571191604, 33.019689315640555, 15.0
53.00791696333487, 25.926534724759122, 15.0
51.41621476176657, 7.501277442224764, 47.5
52.12898125804565, 20.988599093807075, 15.0
38.610482348597785, 35.41858564420666, 15.0
59.41551676098253, 10.319958317956845, 47.5
39.53022365092816, 20.822161668361918, 15.0
49.174714794885965, 17.145510184829508, 47.5
41.867797807077494, 2.741679852782667, 15.0
42.22327404348103, -3.6861288539288357, 15.0
53.2421685565325, 7.126554394118218, 15.0
37.885393453684344, 12.575784268928082, 15.0
49.20359978724403, 0.5617999446421095, 47.5
53.44781060373022, 8.58838338547221, 47.5
43.81821966799312, 10.26298824363596, 47.5
56.37910472781733, 20.969991738591464, 15.0
37.2661621203822, -5.90611402883703, 15.0
41.72162391898325, 21.594752519950312, 47.5
37.06579569501874, 33.13421475016885, 15.0
45.43367972963824, 5.891499055598316, 15.0
47.181132606336405, 4.989062969458023, 15.0
58.46990050546238, 16.08509982489292, 15.0
40.59143043357732, 8.532711492793219, 15.0
42.56547688852172, 2.8646890937440355, 15.0
46.88291229691386, 28.79335444257033, 15.0
58.26242873678455, 26.609214340470352, 15.0
40.370056864686184, 36.26567165850962, 47.5
40.24902092763769, -3.800552242639949, 47.5
54.069157251832266, 16.08968616128212, 15.0
39.19504015271239, 9.139402152593897, 15.0
53.02244230058269, 29.12460813036795, 15.0
36.84160417560474, 14.852759431668003, 15.0
62.126536636120306, 25.574893965640435, 15.0
48.27849830644948, -4.596561298469502, 15.0
50.62491659618694, 5.449320561078308, 47.5
43.352535214177436, -8.247660832013024, 15.0
38.63017223928907, 41.38137900373447, 15.0
51.13351168579502, 33.07472533710808, 15.0
50.88858052317864, 11.18254087364963, 15.0
45.646865331110064, 3.0611137761327587, 15.0
45.99027093465658, 18.090524236447592, 15.0
42.596375907477004, 21.752752267452326, 15.0
47.66972878445764, 12.997807420080902, 15.0
44.45136512707821, 11.85846104534115, 47.5
44.682757959890544, 15.850930396792556, 15.0
47.17752926900737, 16.444609500376366, 15.0
60.64020960390767, 26.166629019431802, 47.5
52.15174961218417, 7.416429180143033, 47.5
40.96166405982081, 23.48200611797418, 15.0
53.91854098027634, 12.788707286786675, 47.5
44.063866278315366, 28.549405159704886, 15.0
45.23378770120352, 36.403259191728466, 15.0
43.01400986667074, 20.436895765324916, 15.0
53.76228807320901, 25.20257078886103, 15.0
45.73630651224397, 25.738595301577607, 15.0
53.00626738517789, 21.408298160411515, 15.0
55.57766893996657, 21.09929614486687, 15.0
41.48248022972174, 0.6258161499266824, 15.0
46.98664106280341, -1.0367033317981151, 15.0
50.897636462213015, 15.523994083037737, 47.5
45.42092514069126, 18.648677596504342, 15.0
52.13671903343793, -7.091009908710913, 15.0
48.92875833971463, 24.517716702545194, 15.0
50.81130238577068, 34.6752194967317, 15.0
54.192842649046, 10.079774910300936, 15.0
56.91591341301936, 9.872205711101994, 15.0
53.01386539346084, 14.70001386809, 47.5
49.098873355036126, 8.140789555814337, 47.5
40.94237276146957, -8.250260675705434, 47.5
54.786631554594834, 23.901381755210238, 15.0
28.026794536641017, -16.559579068453136, 15.0
46.94843948750094, 15.349536805086336, 15.0
55.76044908954172, 26.43945903918561, 15.0
52.94300176417943, 6.371970390469745, 47.5
43.34037171566288, -3.8741240143970024, 15.0
56.56208955426949, 23.535787707468952, 15.0
40.52251841650894, -4.687653650875478, 15.0
53.43239054549682, 13.178601520298526, 15.0
55.351978720336014, 10.176608692381492, 15.0
37.10736199970156, 39.67844848707963, 15.0
36.720001202634144, -6.292270301347895, 15.0
40.8009442383285, 38.30297319650725, 15.0
51.3922066860364, 31.177604112359493, 15.0
44.793298137643355, 4.876687089895549, 15.0
36.17398960593186, 36.32513297710671, 47.5
37.06424238509567, 41.06514464676146, 47.5
37.36541650471654, 14.563739147127114, 47.5
36.57101647788214, 31.90691862812438, 15.0
40.4880274808456, 20.736185266060062, 15.0
40.03697950569378, 26.346047227021767, 15.0
52.3707707403264, 1.6275768723467359, 47.5
46.36164779777818, 11.287789186782094, 15.0
35.199243919234625, 25.09463512694307, 15.0
41.638582108077344, 12.824746954865518, 47.5
28.407169298926515, -16.317204873414425, 15.0
48.683536782245746, 21.666033790054332, 47.5
52.62476896579656, 18.858950247534217, 15.0
53.85570564154457, -0.4470959869597751, 47.5
46.7966059929293, 26.24746041508995, 15.0
40.89449215923826, 37.75885524392873, 15.0
43.27209791628313, 21.739465380755817, 47.5
43.709773106576684, 11.40127650752345, 47.5
36.77762648202173, -2.6001673363244637, 15.0
39.94035749392525, 27.8785504975451, 47.5
47.92813884580052, 30.75129159874359, 15.0
36.29341939979401, -5.277920067942708, 47.5
40.82482801361994, 24.31835418742347, 15.0
41.56130713802403, 26.472910371273553, 15.0
42.74140632820134, -8.00434321619143, 47.5
52.41844541477655, 19.648189037342075, 15.0
37.03738641499052, 35.78443918544432, 47.5
38.705713801780696, -9.232838924828034, 15.0
47.98292376477006, 17.676918035876188, 47.5
46.329141837383226, -1.0703092323236412, 47.5
55.57583561932366, 9.512085138592331, 15.0
54.5722352802861, 25.17315162343493, 15.0
42.369643631474965, 19.114642171208835, 47.5
50.68587613950255, 32.22952059103579, 15.0
45.60003337559516, 9.119519724209132, 47.5
52.20672920399862, 10.193212025850952, 47.5
40.90282098618492, 40.44511285641431, 15.0
49.930416137755934, 36.197497832338435, 15.0
46.447973270160325, 0.3379415446419721, 15.0
64.89003088615316, 25.37768535789328, 15.0
39.45271434094871, 32.0796737403803, 15.0
49.05546407051153, -0.3909586705786116, 15.0
49.713928821244174, 23.949028463654834, 15.0
47.76995291342699, 1.877572792168189, 15.0
45.77755813714762, 21.131312979757983, 15.0
38.111000912080065, 27.484636392946005, 47.5
46.228366184152954, 14.083583556540274, 47.5
37.85903191413796, -3.2701408335223743, 47.5
43.10030694732603, 0.060375782939010476, 15.0
51.40691679922712, 9.873649239988932, 15.0
49.32936748318072, 31.958511403883094, 15.0
42.391719250609896, 27.37725272223613, 15.0
40.01480964426673, 0.04309138584056395, 15.0
49.84767626882342, 22.58566627677035, 15.0
52.04459082084126, 22.210186076847545, 15.0
49.82377740184243, 11.503692462247974, 15.0
36.758032319405, -3.589889496771126, 47.5
40.80269755009044, 29.951195613676372, 15.0
41.522396330554194, -4.745226069624612, 15.0
43.38187196459018, 16.436083510765084, 15.0
42.95714826806094, 25.561468304753596, 15.0
51.08949941484662, 24.631021310101243, 15.0
48.556618829975505, 26.50544077556759, 15.0
52.559379972712414, 4.763412149603554, 47.5
38.343361426556854, -0.497929187952357, 47.5
39.82848055221532, -4.8474099744742825, 15.0
51.775958684472386, 4.767478728591581, 47.5
47.334860978204276, 8.773107616337757, 47.5
45.94382211828766, 13.17220243344518, 15.0
53.047310627131196, 22.00960811479382, 15.0
49.295776544959026, 26.901375710028965, 15.0
38.226973229707355, 34.53061324445364, 47.5
46.36641775679981, 30.66132675073447, 15.0
59.256497349479396, 28.073365016595233, 15.0
54.86533763190366, -7.33137875747745, 15.0
38.45062068579107, -9.027949808496803, 15.0
48.76290543656397, 37.451110058254926, 15.0
47.73941233778002, 16.40802039389821, 15.0
47.26095833122559, 0.7199736700774724, 15.0
52.53191458563284, -8.607031634404931, 15.0
38.5977750453358, 30.96205967517825, 47.5
46.75802401618033, 24.2119717883156, 47.5
54.94273990444163, -1.3916598221832934, 15.0
37.40258539470395, 38.424002366839474, 47.5
59.184220832707005, 18.000606446577905, 15.0
39.5773458303237, 30.042699307566608, 47.5
49.353022964886, 4.589173169280084, 47.5
50.852129544674625, 2.975722513811251, 47.5
45.70000197185872, 16.075283481930693, 15.0
47.502525863760404, 19.20870600810028, 15.0
47.98971581725463, -4.293233699474578, 15.0
53.55426575658361, 23.737062442155487, 15.0
38.39241737355294, 42.20550254748787, 15.0
54.76221012471902, -2.951329670313419, 15.0
42.304935878573346, -8.620445463871029, 15.0
41.053573985144, 16.846724901393763, 15.0
49.00215624488309, 33.526200837995226, 15.0
37.063737700772435, 15.125226602077484, 15.0
57.63532834138008, 12.177369302163063, 15.0
36.46106267847502, -6.243050189474332, 15.0
53.482793021289076, 9.792271962616189, 15.0
40.552885646848836, 22.987291449002278, 15.0
50.45946641207382, 21.97745007186282, 47.5
40.88774901498916, 39.64604081346624, 15.0
41.52496221485697, 32.24017598541688, 15.0
38.372074690694426, 23.596590838789467, 15.0
49.33161093071219, 6.562676171168668, 47.5
47.879725458780854, 26.06132613545264, 47.5
48.341421137799706, 11.351252719606604, 47.5
45.02458626057534, 26.769015465625408, 15.0
46.731710408085036, 29.52606980387515, 15.0
50.715645221744296, 16.426294275246367, 15.0
54.20214553012635, 26.737910322659808, 15.0
49.25831737793503, 23.648722046536506, 15.0
50.87441865455565, -1.199799401935528, 15.0
44.141338386840374, 18.45276674601533, 47.5
47.648668823354356, 27.825067257596675, 15.0
48.32180249801722, 22.63540902951875, 15.0
48.17086704422392, 4.042267221840336, 15.0
36.96758289345659, -7.908874322440057, 15.0
55.80594391187867, -3.6877283892182047, 47.5
41.21546633942129, 32.44945756506417, 15.0
49.265368262093496, 15.544665425375944, 15.0
53.322966079542134, -1.2280616003231806, 47.5
38.43173803125335, -7.893308563155903, 15.0
51.0646493535557, 12.086001377466069, 47.5
50.82386036103476, -0.08131093858380158, 47.5
52.894544679040436, 27.447323797768878, 15.0
38.85929521945129, -1.866043637064537, 15.0
47.31034626564804, -2.406543611732327, 15.0
58.07550300433759, 7.786459845843432, 15.0
50.27209587845525, 24.15833796637512, 15.0
48.81203825475902, 18.572659454198764, 47.5
37.566942945362435, 28.629662762884735, 47.5
27.99141433239592, -15.448666723510815, 15.0
38.55734679331623, 29.323960658608538, 15.0
44.65767019089448, 17.12477707629345, 15.0
44.55024318387801, 33.99662592496312, 15.0
40.104300563564244, 27.179398224379074, 15.0
62.975022851826814, 21.48523229845718, 15.0
50.89317202085168, 9.420240099247579, 47.5
39.93164882906838, -2.1345573568229996, 15.0
51.969158856336804, 23.790315152123277, 47.5
37.678555938459276, 12.500498959323869, 15.0
37.120137468873686, 31.477420265606362, 47.5
51.955609208417734, 14.821927194270495, 47.5
41.78795353431696, 8.732056206773855, 15.0
45.10782028557226, 10.218293369280568, 47.5
53.030149356096196, 16.646285747096194, 15.0
54.18231812732851, 18.957309088156283, 47.5
51.6370530778462, 18.009222403992446, 15.0
47.45511277841795, 34.473037923119364, 15.0
47.773465364407755, -0.3295260005637987, 47.5
48.53918644843363, 11.965907204960116, 15.0
38.08870804508442, 15.496996210757832, 15.0
54.40099237719537, 30.277769599967343, 15.0
44.55571936417999, 20.82310256408551, 15.0
53.139386238564434, -9.031421380339136, 15.0
50.59181272999747, -3.557975364690343, 15.0
41.05531947871859, 31.59340630524371, 47.5
57.01748173792034, -2.168584718434153, 15.0
40.91543536132399, 16.19079634649356, 47.5
46.38706498653953, 6.585993263552949, 15.0
51.56748524299757, 6.121340451925676, 47.5
39.42449432829662, 21.72811192095761, 15.0
61.57186168572408, 27.13532033028106, 15.0
44.98195603404348, 7.622707663479362, 15.0
47.11490960864788, 5.99813440400728, 15.0
41.684219652791896, 15.763707262721038, 15.0
43.78455125938857, 12.977797253041143, 47.5
66.3725280669655, 25.56712323486089, 15.0
50.55123756259381, 19.344129938933335, 47.5
53.76890418987705, -2.950520905326698, 15.0
48.121950374888485, 16.34847749823724, 15.0
51.76484543372249, -8.491314277954592, 15.0
53.12127732352117, -2.6164377976957707, 47.5
45.52336612821557, 4.32162598069622, 15.0
52.50154189866238, 30.289880306607095, 47.5
47.79243772800469, 11.950515387418205, 15.0
43.25946752340224, -0.525329752550322, 15.0
40.83631649631874, -5.67992204377561, 15.0
43.28853000992131, 24.569315386929755, 15.0
49.76819590306763, 2.2696614030883584, 15.0
37.98688120807458, 13.394003607158789, 15.0
42.59806629447694, 23.209006667864667, 15.0
39.81090622706236, 41.16452615555256, 15.0
43.989733850729245, 15.29339296955085, 15.0
40.912053923527104, 21.263557198117777, 15.0
53.06945318381109, 18.589155470443533, 47.5
48.167339208921334, 7.879376569878059, 47.5
41.030353318388414, 28.808673334281025, 47.5
38.05248400182871, 40.182638011885146, 47.5
40.56470752499128, -3.1042830967745716, 15.0
52.02291314726816, 12.2906666882479, 47.5
62.67832469157465, 22.67666122628045, 15.0
48.2541976087957, 34.96592411218445, 47.5
39.6338538815311, 36.93184357959376, 15.0
59.476902913126544, 17.28883348694616, 47.5
50.45546445527262, 8.045484315757239, 47.5
39.48211060219722, 2.523297663028182, 15.0
43.62421753113879, 4.460101506671758, 47.5
50.81519694395239, 4.263927213758509, 47.5
36.81028752385776, 34.79749900379265, 15.0
47.40531016266887, 23.068124487323992, 47.5
49.4374526647553, 25.49094952419057, 15.0
61.35107406814799, 21.70630005945278, 15.0
56.8689772965721, 23.91456256945941, 15.0
52.49188621473896, 13.670729425130727, 15.0
51.79164216429865, -2.1936928477283453, 47.5
49.78642420605622, 20.428745037123424, 47.5
48.387654667196706, 32.18218629793623, 15.0
63.29700593964236, 10.36118382615212, 15.0
37.47564210105175, 44.17901013294938, 15.0
60.3446474200359, 22.17367161643171, 15.0
38.973001852294914, 16.605683286913976, 47.5
48.88961594322749, 38.462743379415784, 15.0
46.678353157269036, 1.6784120527615154, 15.0
53.788495815868494, 27.44751464905525, 15.0
47.197039137316146, 18.51625110275926, 47.5
40.14186754447255, 34.832244103253934, 47.5
44.984327747979634, 20.17702281339899, 47.5
54.606247908648854, -5.703778179921061, 15.0
44.50239161198876, 22.581843629928304, 15.0
42.63033816628458, 11.08413655962195, 15.0
49.80889837616845, 8.752645309006782, 47.5
46.093755885728086, 24.191801917004593, 47.5
35.38732424948576, 23.96686084035184, 15.0
50.08363010845975, 15.765642041444579, 15.0
42.13667889440382, 24.17532263364727, 15.0
40.15015107682289, 22.430074361505273, 15.0
40.47328719677966, 33.5607375032814, 15.0
37.1552147244197, -6.854324891381791, 15.0
50.93237328575557, 31.78208985291431, 15.0
48.78270987755054, 36.1964544957931, 15.0
48.248023890215244, 39.06018783895585, 47.5
45.046175877711015, 5.678966748670939, 15.0
43.2178961597569, 27.499857180901746, 47.5
52.22701466130009, 17.555616276494305, 47.5
42.08801229862602, 25.308609308158236, 47.5
43.460415732612674, -5.806433932554489, 15.0
55.0715077146413, 11.662091473374755, 15.0
37.50905258611822, 42.0269808430741, 47.5
38.822154487052174, 27.332996522772664, 47.5
46.64218892362053, 36.748557603932255, 15.0
50.892647512651266, 22.92851073907772, 47.5
40.566362246270145, 17.78624291163917, 47.5
39.700691233841894, 43.58760659500068, 47.5
47.00136822705647, 2.248728836798182, 15.0
39.34673495744015, -0.3320818796231786, 47.5
52.25739818776821, 6.032056484251541, 47.5
56.54997146920036, 12.944678771673859, 15.0
49.71472361541559, 3.268107981703078, 15.0
51.75420997257336, 33.34421887638961, 15.0
48.48995998469018, 35.68466503996071, 15.0
55.62130722578553, 12.63735256455378, 47.5
47.05803863725418, 20.125931690188654, 15.0
47.64010591459445, 28.952612524999527, 15.0
39.27109766606361, 26.623997089979802, 15.0
53.79750167891114, 30.215243808257533, 15.0
52.358001078354135, 20.86735637334789, 15.0
51.56118967344824, -0.6539009538141443, 47.5
52.59957222815784, -1.7595491194360142, 47.5
45.02607516285282, 1.507710655245866, 15.0
46.81208664926751, 16.662788520131624, 15.0
50.63582386071223, 17.722736657026953, 15.0
41.877281220404335, 20.94382682146894, 15.0
46.48666411444215, 19.635174616370456, 47.5
51.23369617871302, 1.4039756281577853, 47.5
61.381228822660155, 23.65567946983417, 15.0
52.29513823754594, -0.25215908133512305, 47.5
40.674232324978234, 30.301614736587272, 15.0
43.2190167380075, 17.738125786319678, 15.0
43.6248961102101, 7.1221319358343145, 15.0
42.573527553783016, 13.56131033209142, 15.0
62.268681309984004, 17.18957974905662, 15.0
46.73577872950857, 35.28008387739907, 15.0
50.32919863341344, -4.212770662589112, 15.0
44.189569240028696, 23.744141465976316, 15.0
44.66329776778136, 10.795500163163128, 15.0
53.62474790172743, 10.698309498816299, 47.5
60.26542112473768, 5.315521158629857, 15.0
36.90996318260993, 22.154566633985336, 15.0
62.33835001474068, 6.1776657322991015, 15.0
45.661742204730984, 4.9112756025646025, 15.0
43.220114387817354, -1.8731610087430255, 15.0
36.68360803605706, -2.7521746847867363, 15.0
45.57542133719672, 27.112392614311062, 15.0
32.64414928478304, -16.853348751054593, 15.0
50.64360315367744, 25.242079767491422, 15.0
56.74877576539493, 14.7429646710113, 15.0
49.944595939918756, 18.424048660445692, 47.5
49.50553429924293, 34.39939129843559, 15.0
41.00955057556745, 37.32702321933197, 15.0
47.80129874706125, 33.269940247155546, 15.0
38.12575872838016, 21.660545540817917, 15.0
45.40244438095111, 12.107218254037807, 47.5
49.76262608494533, 14.015804532119933, 47.5
50.464590689533665, 11.94667317372486, 15.0
44.25785688263812, 7.515478963144303, 15.0
47.76449402771987, 21.156511232100353, 47.5
40.83911409903343, -4.220281214445489, 15.0
39.2062458731614, 22.447608407518302, 47.5
44.50971165956111, 8.39595056976833, 47.5
62.78000229063958, 27.511461206731965, 15.0
58.836047483711845, 5.7142657463355, 15.0
37.74326911283793, 32.4349440941243, 15.0
64.00620688592552, -21.81667535936548, 15.0
42.004200044486005, -0.4386327277992454, 15.0
55.61620686280582, 24.244170955111944, 15.0
43.32101909811961, 6.632492628237771, 15.0
46.77898327586399, 27.347044694545893, 47.5
36.50963096084363, 29.13280539393846, 15.0
40.585412476216284, 19.529572074314494, 15.0
37.698603615248956, -1.1836672157507169, 47.5
42.466777208085155, -5.587838809544845, 15.0
51.868370856925644, 8.81247187319135, 47.5
47.46286758790258, 1.2984955096574862, 15.0
56.08046999596978, 15.67567502520136, 15.0
39.056274751244516, -6.481329339645462, 47.5
41.37316077139821, -5.7691338437082775, 15.0
46.23383385950045, 27.52699217050867, 15.0
45.3232180582535, 27.952553388509624, 15.0
40.787809131200696, 26.035433954220274, 15.0
55.07498302135188, 30.085578260598883, 15.0
46.56156774020446, 21.018979505570762, 15.0
40.48444552269308, 43.000983669549285, 15.0
48.511272192588265, 24.837377130106045, 15.0
60.87204143285918, 24.35906721251406, 15.0
49.670705987038424, 10.515383422634633, 47.5
37.756264778265574, -4.765268413551598, 15.0
